11 10.8822 11.5257
15 14.1080 14.7581
19 15.9956 18.4343
21 18.6814 19.2782
23 19.9208 21.0455
25 21.4036 22.9009
27 23.2958 25.9487
29 26.2559 27.5662
31 28.0022 31.2862
33 31.7470 33.8719
38 36.8426 39.1368
41 40.9162 42.5955
43 43.2243 44.9263
46 46.8427 47.4421
52 50.9676 51.2893
68 67.5024 68.1424
70 68.2531 70.4778
77 78.3595 79.4087
79 82.0563 83.9028
81 84.1249 85.3949
83 85.6561 87.3142
85 87.7022 88.7180
87 88.8996 91.0399
89 91.4642 94.2471
91 94.5362 95.6739
93 96.1868 96.9087
95 97.6781 99.5760
97 99.7055 101.2583
99 102.1768 104.1639
101 104.6193 107.6875
103 108.0177 112.8149
105 113.1497 116.7448
107 117.0983 118.4831
109 119.4708 119.8671
111 120.1376 121.0608
113 121.2287 123.6441
115 124.2307 125.9839
117 126.8736 131.0703
119 131.4508 134.2672
121 134.7335 136.6499
122 137.4837 138.1048
126 139.2836 141.4602
128 141.6980 143.4411
130 143.6556 145.3796
132 146.3600 148.2439
134 148.8864 149.3201
136 149.7164 150.0895
138 150.2946 154.1919
140 154.6433 155.0956
142 155.7810 157.2825
144 157.6173 159.8975
146 160.4524 162.8948
148 163.5756 166.2938
153 172.0174 173.5572
162 181.4766 182.0921
186 204.3698 207.8078
188 208.1878 208.6754
190 209.2929 212.0011
192 212.2716 213.2368
194 213.6835 218.3688
196 218.8817 220.2806
198 220.4112 222.1076
200 222.4480 222.9282
202 223.0588 225.3750
206 226.7136 231.8279
208 232.0042 234.6993
210 235.1134 237.3843
212 237.7937 239.2798
214 239.4490 241.0764
216 241.5800 242.4146
220 243.2475 245.3225
222 245.8027 248.6791
224 249.0099 253.0480
226 253.5171 255.1570
228 256.6646 261.2846
230 261.6203 262.6101
232 263.1582 263.5685
234 264.4125 265.9581
236 266.3933 267.1068
238 267.4052 267.9359
240 268.6921 269.4056
243 271.0833 272.4346
245 272.5745 275.2231
249 282.3406 285.7118
251 286.2519 289.3517
253 289.5803 291.8791
255 292.1029 293.4225
257 294.3495 297.5114
259 297.7034 299.8741
261 300.2369 301.4726
263 301.7384 303.2305
265 303.8778 307.1907
267 307.6538 308.7542
269 309.3278 309.8967
273 311.6770 313.7015
275 314.0215 314.9774
277 315.1080 316.2312
279 316.8696 319.4062
281 320.0908 321.9326
283 322.2451 323.0442
285 323.4108 323.8853
287 324.3410 324.8283
291 327.8070 328.7302
293 331.5644 332.1376
302 347.1246 348.9571
304 349.3199 351.0222
306 351.2774 352.5705
308 352.8442 356.1269
310 357.8232 358.7637
312 359.0067 359.3378
314 359.4077 362.1597
318 365.7623 366.3008
320 368.3904 368.9453
322 369.0898 371.1013
324 371.4353 372.6384
326 373.8031 374.3627
328 374.6005 375.7020
330 377.0718 377.6873
333 382.8837 384.8422
339 391.0420 391.9699
342 395.0512 397.2288
344 397.6065 399.0476
346 400.4723 401.8713
348 402.4261 403.0327
350 404.7053 409.4000
352 409.8849 410.6178
354 412.4952 414.1412
356 415.1102 415.6231
358 415.9076 417.5349
360 417.8054 419.7265
362 420.1732 421.3705
364 421.5721 422.7005
366 423.0680 423.5685
368 425.0497 428.1869
370 428.6850 431.7345
372 432.5636 434.9184
374 435.2299 438.3529
377 440.5726 443.0499
379 443.5467 444.2147
386 459.1311 463.8677
388 464.2865 467.7976
390 468.2863 469.1072
392 469.7412 473.5312
394 473.8156 476.0622
396 476.2394 477.4471
398 477.9591 478.4907
400 478.9570 481.2687
402 481.8005 488.1831
404 488.5925 489.1396
406 489.2873 491.9111
408 492.3545 494.0145
410 494.3083 495.7479
412 496.3442 498.6057
414 499.0626 499.9842
416 500.5128 501.9723
418 502.5729 505.6970
420 506.0505 507.5598
422 510.2835 511.8036
424 512.0872 512.9260
431 519.0144 520.6977
433 520.9728 522.9686
440 528.5452 531.8185
441 532.3140 534.5756
443 537.1579 538.0678
445 538.3143 539.0863
447 539.4287 542.7292
449 543.1339 545.6612
451 545.8850 546.9764
453 547.6094 548.5140
455 548.8544 550.4725
457 552.0662 552.6859
459 553.7169 554.5688
461 554.7969 555.5316
463 556.1314 557.7930
465 558.6904 559.4334
467 564.5172 566.4067
470 570.6238 573.1744
472 573.4822 575.4051
474 576.4189 576.8934
476 578.6981 582.2792
478 582.4275 583.6679
480 584.1108 585.4866
482 585.6254 586.8110
484 587.2621 590.8376
486 590.9495 593.8290
488 594.1847 598.1146
490 598.3048 599.8022
492 600.8601 603.5028
494 603.9834 604.9368
496 606.2533 608.3916
498 609.5593 612.0484
500 612.4354 613.0649
502 613.4743 616.9148
504 617.1058 618.7238
506 619.6844 620.4025
508 620.6627 624.3324
510 624.7278 626.0993
512 627.0164 628.9430
516 636.4989 638.9922
520 644.7131 647.0714
522 648.5536 654.8476
524 655.4762 657.0029
526 657.4719 659.2074
528 659.3408 660.2232
530 660.8842 663.1815
532 663.5505 668.7347
534 669.4333 670.8252
536 671.0233 672.0066
538 672.3616 672.8278
544 677.7165 680.5096
548 686.4679 687.4059
550 687.6420 689.0586
552 689.1752 690.0154
554 690.4202 693.0221
558 695.6977 696.4190
560 697.0639 698.3759
562 698.8396 700.3588
564 700.4754 701.9339
566 702.3032 705.6736
568 706.0932 707.9071
570 708.0414 709.8816
572 710.5314 711.9870
574 712.9217 716.1437
576 716.3163 717.7291
578 718.3670 721.4958
580 721.8073 722.7959
582 723.3041 724.7496
584 725.1591 727.0149
586 727.2341 730.4552
588 731.1127 732.3869
590 732.9723 734.8168
592 737.0916 738.8513
594 741.5176 742.9770
596 743.5255 747.0739
598 747.6241 752.9865
600 754.4246 755.0634
602 755.2919 758.0827
604 759.4232 762.5232
606 762.7656 763.3316
609 767.4360 767.7422
611 767.9070 768.7023
613 769.1427 769.4953
615 770.6525 771.8426
617 772.4058 775.7153
621 778.0507 779.1139
623 779.7145 782.0739
625 782.4796 786.5587
627 787.0064 790.1109
631 791.8680 793.4580
633 793.7191 794.7590
635 795.1544 795.6953
637 796.3714 799.9676
639 800.3704 800.8460
641 801.2097 803.5598
643 803.8396 804.6835
645 804.9251 807.5664
647 808.1929 813.1720
649 813.6103 815.1164
651 815.4885 817.8169
653 818.2807 818.7237
655 818.8636 820.5422
657 821.2361 822.6946
659 823.6868 825.0945
661 825.2368 825.8609
663 826.7374 828.5515
665 828.7937 829.6659
667 830.1815 834.2428
669 834.6252 836.0893
671 836.4801 837.4640
673 838.0469 839.6070
675 840.0463 841.5105
677 842.1586 845.8321
679 846.5819 849.1665
681 849.3890 850.0522
683 850.5025 851.4071
685 851.5423 852.9086
687 853.3879 857.0175
689 857.4158 860.1389
691 860.6229 862.0931
693 862.2689 862.9264
697 866.4600 868.5338
701 870.5709 872.6258
703 873.2940 873.8489
705 873.9748 875.2104
707 875.7225 877.8898
709 878.1060 879.3932
711 880.1093 884.2677
713 885.3440 889.2086
715 889.7775 890.6354
717 890.8639 892.6446
719 893.2318 895.3161
723 897.7026 900.9517
725 901.4507 902.1921
727 902.4345 903.1950
729 904.8201 905.6548
731 906.4755 907.2671
733 907.4407 909.4923
735 910.3401 911.2283
737 912.0654 912.7300
739 914.4938 916.5430
741 917.2953 919.3010
744 921.7335 923.2116
746 924.0081 927.5519
748 927.9333 928.7954
750 930.0317 930.9083
752 931.6572 932.8458
754 933.8627 935.6376
756 936.2128 937.2200
758 937.6723 938.0500
760 938.9808 940.6773
762 941.2749 942.5293
764 943.0981 945.1256
766 945.4660 947.1407
768 947.6100 950.2166
770 951.8803 954.2584
772 954.5140 955.7040
774 956.3884 958.3049
776 959.1013 960.1898
778 960.8779 961.4366
780 961.9495 962.3507
792 979.4448 982.5345
794 983.0903 983.6312
796 984.2001 986.5548
798 987.0249 987.6497
800 988.4331 989.8350
802 990.0175 990.5764
804 991.0154 992.8832
806 993.8542 997.5650
808 998.1665 998.7209
810 998.8892 1001.8726
812 1002.3109 1005.7932
814 1006.4124 1010.4692
816 1011.0138 1012.3567
818 1012.6598 1016.2167
820 1016.4965 1017.4430
824 1018.3234 1020.4118
826 1020.5989 1022.8409
828 1023.3258 1025.5724
830 1025.9967 1029.4324
832 1029.7355 1032.8634
834 1033.2084 1036.2151
836 1036.6534 1038.5139
838 1039.4129 1040.9125
840 1041.1149 1041.4553
844 1043.7112 1045.9961
846 1046.6797 1047.0468
848 1047.2206 1049.7806
850 1050.5965 1054.5964
852 1054.9321 1055.7155
854 1056.3954 1056.8293
856 1057.4585 1059.9252
858 1062.3294 1064.0967
860 1064.3485 1065.0871
862 1065.2717 1066.3255
864 1066.6333 1067.4764
872 1076.6698 1077.3217
874 1079.8154 1081.1390
876 1081.3542 1083.0416
878 1084.0578 1085.0490
880 1085.4613 1087.8338
882 1088.3654 1092.0761
884 1092.7942 1096.1208
886 1096.4910 1098.1967
888 1098.6350 1101.5027
890 1102.2992 1104.0291
892 1107.0218 1109.2544
894 1109.6974 1113.1284
896 1113.5853 1115.1237
898 1115.3517 1117.3194
900 1117.6272 1118.7170
902 1119.6266 1123.8876
904 1124.1627 1126.1389
906 1126.4979 1127.7616
908 1128.0367 1129.5852
910 1130.5258 1131.3298
912 1131.8500 1132.9820
914 1133.6024 1135.1509
916 1136.2360 1137.5976
918 1138.0079 1140.3897
920 1141.0426 1145.6952
922 1146.1047 1148.0537
924 1149.0749 1150.2631
935 1160.4814 1164.2910
937 1164.9616 1166.3910
939 1168.4662 1171.9774
941 1172.4950 1173.1437
943 1173.8612 1175.2685
945 1175.5623 1178.0010
947 1178.4617 1181.1697
951 1186.3215 1187.0629
953 1188.0785 1188.7037
955 1188.9318 1191.0068
957 1191.1665 1191.7622
959 1192.7583 1194.2835
961 1194.8799 1198.1905
965 1201.7652 1204.0780
967 1204.5853 1205.3687
969 1205.5506 1208.5301
971 1208.8939 1211.3261
973 1211.6152 1213.8021
975 1214.1975 1214.9343
977 1215.1721 1217.4860
979 1217.8570 1219.9163
981 1220.1418 1221.0884
983 1221.2376 1221.6526
985 1222.0816 1222.5866
987 1222.9293 1225.3447
989 1225.8110 1227.2742
991 1227.7498 1228.3028
993 1230.7239 1235.1341
995 1235.8149 1240.7333
997 1241.2071 1242.0697
999 1242.1583 1243.8434
1003 1245.2498 1246.5601
1005 1247.0217 1247.4405
1007 1247.5850 1248.2612
1009 1248.4570 1252.0512
1011 1252.3916 1257.2354
1013 1258.4329 1259.6998
1016 1260.9779 1261.7384
1018 1262.5726 1264.9507
1020 1265.0888 1265.7696
1022 1266.6462 1268.1735
1024 1268.3295 1270.6983
1026 1271.5274 1271.9517
1028 1272.2688 1272.6465
1031 1274.8604 1275.7137
1033 1277.6349 1282.1265
1035 1282.6223 1283.3404
1041 1287.7264 1288.9600
1043 1289.1486 1290.5824
1045 1290.9252 1292.8090
1047 1293.2268 1297.1157
1049 1297.4374 1301.4373
1051 1301.7404 1304.5978
1053 1305.5388 1307.2035
1055 1307.6231 1312.4343
1057 1312.8624 1318.4803
1059 1318.9792 1322.4429
1061 1323.0304 1328.6520
1065 1330.3764 1331.2064
1067 1335.4208 1340.3672
1069 1340.4931 1341.3557
1071 1342.2688 1344.1458
1073 1344.4501 1345.6345
1084 1359.8807 1361.1360
1086 1361.8475 1363.5150
1090 1366.5841 1369.3203
1092 1369.4649 1371.3300
1094 1372.0528 1373.1731
1096 1373.5393 1375.4744
1098 1375.9025 1377.5584
1100 1378.0474 1378.7295
1102 1378.8914 1380.1134
1104 1380.7977 1381.5233
1106 1382.3868 1382.8298
1108 1384.5457 1385.2902
1112 1389.5798 1391.7434
1114 1392.9782 1393.8501
1120 1398.7826 1399.6079
1122 1400.8380 1402.9028
1126 1408.6279 1409.5248
1128 1409.9932 1411.3781
1132 1413.5790 1415.7324
1134 1416.3665 1417.1067
1136 1417.5089 1419.3592
1138 1419.5364 1422.1427
1140 1422.5804 1425.1534
1142 1426.8740 1427.3079
1144 1429.4890 1432.9153
1146 1433.0692 1434.2535
1148 1434.7152 1435.4698
1150 1436.7370 1438.5700
1152 1439.7959 1440.5793
1154 1440.9103 1442.5694
1156 1443.2595 1445.0268
1158 1445.7253 1449.2271
1160 1449.6506 1450.8740
1162 1451.0162 1452.3876
1164 1453.8276 1454.9930
1166 1456.5638 1457.5826
1170 1459.7430 1460.8621
1172 1460.9973 1462.2097
1174 1462.9688 1463.9775
1176 1464.3948 1464.8984
1178 1465.5372 1467.5829
1180 1468.0645 1469.8097
1182 1471.1458 1473.2711
1184 1474.8472 1475.4885
1186 1477.1358 1477.6391
1188 1479.8673 1482.2180
1189 1482.5383 1483.0185
1198 1492.7007 1493.6845
1202 1496.7938 1498.2875
1205 1502.1123 1503.6791
1207 1503.9495 1506.0569
1209 1506.2250 1506.6867
1211 1507.0224 1509.4648
1213 1510.3741 1511.0560
1215 1512.5359 1515.2310
1217 1515.9584 1516.6765
1219 1516.8537 1518.2153
1221 1518.6434 1521.6323
1223 1521.9904 1523.1269
1225 1523.5898 1525.3710
1227 1525.6732 1529.0990
1231 1530.8761 1531.6073
1232 1531.6865 1533.1647
1234 1533.6962 1534.4610
1236 1535.2901 1538.2930
1238 1538.6138 1542.5055
1240 1542.6510 1543.6255
1242 1544.1757 1544.8658
1246 1547.6160 1552.3060
1248 1552.4785 1555.2468
1250 1555.7230 1556.6647
1252 1557.3532 1559.6380
1254 1560.1836 1561.5835
1256 1562.7249 1563.7870
1274 1586.0517 1586.5225
1276 1587.0253 1588.7832
1278 1589.8371 1591.8459
1280 1592.0604 1592.8251
1282 1594.2837 1597.7342
1284 1598.2462 1599.8292
1286 1600.3632 1605.0345
1288 1605.4905 1606.9920
1290 1608.4832 1609.6766
1292 1609.8308 1610.5302
1296 1612.8375 1613.5882
1298 1614.7399 1618.4460
1300 1619.2565 1620.5341
1302 1620.7206 1621.3035
1304 1621.8304 1622.8370
1306 1623.5081 1625.3428
1308 1625.9226 1627.8757
1310 1630.2675 1633.0746
1314 1637.6797 1639.8471
1316 1640.7610 1642.2484
1318 1642.6495 1643.9564
1320 1644.3636 1647.5390
1322 1648.1266 1648.7029
1324 1648.9845 1649.6886
1326 1649.8239 1652.6114
1331 1660.4190 1663.2278
1333 1663.4863 1667.4235
1335 1667.9944 1669.2356
1337 1669.4212 1669.8109
1340 1671.7425 1672.7730
1342 1673.2532 1673.8134
1344 1674.8674 1676.2393
1345 1676.3625 1677.0606
1347 1677.2111 1680.2797
1349 1680.8464 1682.5810
1351 1683.1545 1684.1368
1353 1685.4991 1685.9699
1366 1705.1757 1705.5654
1384 1731.0252 1731.4402
1386 1732.6572 1733.4852
1388 1734.1111 1735.0771
1390 1735.5519 1739.7083
1392 1740.0694 1741.9942
1394 1742.4372 1743.5190
1396 1743.7335 1744.2278
1398 1745.1968 1746.8447
1400 1747.0060 1750.3722
1402 1750.9490 1752.1179
1404 1752.5250 1757.2336
1406 1757.5554 1759.8533
1408 1760.2403 1762.7650
1411 1765.1299 1765.5195
1413 1765.6708 1767.2456
1417 1771.1339 1771.5116
1419 1775.8658 1776.3135
1429 1787.3245 1787.9577
1433 1794.0111 1795.4446
1436 1797.2165 1801.7199
1438 1802.1527 1804.0924
1440 1804.1904 1805.5948
1442 1806.6561 1808.1417
1444 1809.5229 1811.8122
1446 1812.1099 1816.5296
1448 1817.1589 1818.7350
1450 1819.1220 1820.8799
1452 1821.6755 1824.8658
1454 1825.3265 1826.7394
1456 1827.3633 1827.7205
1458 1828.2726 1831.4304
1460 1833.6750 1835.1444
1464 1842.4628 1844.4669
1473 1853.4132 1854.5497
1476 1856.4572 1856.9524
1478 1860.7695 1861.5569
1480 1862.3773 1864.5772
1489 1876.5883 1878.2931
1490 1878.5026 1879.0249
1492 1879.5975 1880.9451
1494 1881.1502 1883.0574
1496 1883.2197 1885.2294
1498 1885.6817 1887.5935
1500 1888.4030 1890.3474
1502 1890.9489 1892.5806
1508 1900.3233 1902.5895
1511 1905.7220 1908.5842
1513 1908.6821 1909.8385
1515 1911.2131 1911.7327
1517 1911.9592 1912.4441
1519 1914.0659 1915.0658
1521 1916.9196 1918.0891
1523 1918.3875 1918.8259
1525 1919.1103 1919.7435
1527 1920.1501 1923.0563
1529 1923.4086 1925.0383
1531 1925.4640 1927.0064
1533 1927.1846 1930.5223
1535 1931.0017 1935.4422
1537 1935.8689 1937.2570
1539 1937.9616 1938.8680
1541 1939.0247 1939.9745
1543 1940.4423 1941.9297
1545 1947.2390 1948.6098
1549 1950.5627 1952.3812
1551 1952.5258 1953.5892
1563 1970.6963 1971.4594
1565 1973.9699 1975.1797
1569 1980.9222 1982.9291
1571 1983.1389 1983.5285
1573 1984.1871 1985.1570
1578 1988.0191 1989.6278
1580 1990.3273 1990.6910
1590 2007.3461 2010.5029
1592 2011.1268 2012.1009
1594 2012.2599 2012.8800
1596 2013.7334 2016.0406
1598 2016.1945 2016.9125
1600 2017.4255 2019.9612
1602 2020.5067 2023.3155
1604 2023.7596 2028.9215
1606 2030.1609 2031.7520
1610 2038.5616 2043.0265
1612 2043.4325 2045.4842
1614 2045.9916 2047.9313
1616 2048.5235 2049.0187
1618 2050.2059 2052.2273
1620 2052.6399 2056.0215
1622 2056.5092 2056.9720
1624 2057.3943 2059.5672
1626 2059.9682 2063.1521
1628 2063.9578 2065.2308
1630 2067.2038 2069.0303
1632 2069.7249 2071.9087
1634 2072.1487 2074.4380
1636 2074.7973 2079.3138
1638 2079.7941 2081.3284
1640 2081.7982 2083.1864
1642 2083.6447 2084.6676
1644 2085.2479 2085.9135
1646 2087.6120 2088.7824
1648 2089.8026 2092.8046
1650 2093.2569 2096.7345
1652 2097.3500 2098.3199
1654 2100.1096 2102.4410
1658 2103.9229 2104.9214
1660 2106.4540 2107.3551
1662 2108.1177 2109.4606
1664 2109.6149 2111.7986
1666 2112.2155 2114.8361
1668 2115.4096 2117.0640
1670 2117.8987 2118.4101
1672 2120.3225 2120.7690
1674 2125.2969 2126.9205
1676 2127.4129 2128.4631
1678 2128.7325 2129.4144
1680 2129.7879 2130.5651
1682 2131.1517 2131.6646
1684 2133.7247 2138.3438
1686 2138.6012 2140.0543
1688 2140.5643 2141.1812
1692 2144.5212 2147.6047
1694 2149.2663 2150.6278
1696 2150.7631 2155.0529
1698 2155.8625 2156.9178
1700 2157.2427 2158.5483
1702 2159.1591 2160.5393
1704 2160.6746 2161.1409
1706 2162.3010 2164.2725
1708 2164.5430 2169.3488
1710 2169.8205 2171.4665
1712 2172.0624 2175.4290
1714 2176.1080 2177.0903
1716 2178.3835 2180.3745
1718 2180.8875 2182.8972
1720 2183.5118 2184.0946
1722 2185.4329 2188.9073
1724 2189.4039 2190.0533
1726 2190.5183 2191.5302
1728 2191.7819 2194.1218
1730 2194.7093 2197.7300
1732 2197.8979 2199.7304
1734 2200.2471 2201.6433
1736 2202.1868 2207.1659
1738 2207.5986 2208.4835
1739 2209.2633 2209.7991
1741 2210.8384 2213.1699
1743 2213.6679 2217.1749
1745 2217.8590 2219.9340
1747 2220.6567 2221.4279
1749 2221.6164 2222.0314
1751 2222.8325 2224.2304
1753 2224.4085 2225.1126
1755 2226.0545 2228.6929
1757 2229.1638 2230.9903
1759 2231.2845 2233.8351
1761 2234.2492 2235.5562
1763 2235.7600 2237.2334
1765 2237.4713 2239.6759
1767 2240.8183 2244.8135
1769 2245.0737 2246.1940
1771 2246.4539 2247.1347
1773 2247.4098 2249.3067
1775 2249.6378 2250.3998
1777 2250.8688 2251.5776
1779 2252.4067 2254.8989
1781 2255.4282 2256.1426
1785 2259.2407 2260.6255
1787 2260.9193 2262.5420
1789 2263.1044 2263.9324
1793 2266.7414 2268.5367
1795 2268.9368 2270.7646
1797 2272.1915 2273.9065
1799 2274.7692 2276.1820
1801 2276.7873 2278.0276
1803 2278.1209 2278.5805
1805 2278.6944 2281.3001
1807 2281.5798 2283.5850
1811 2287.1735 2288.9676
1813 2289.2532 2291.3879
1815 2291.8262 2292.5443
1819 2296.3809 2299.6674
1822 2303.4014 2307.0609
1824 2307.6522 2310.8789
1826 2311.6521 2312.3015
1828 2312.8644 2315.6379
1839 2333.3478 2334.9713
1841 2335.4274 2337.1322
1843 2338.1310 2340.4429
1845 2341.0351 2342.1542
1847 2342.2940 2342.9282
1849 2343.2621 2344.2525
1851 2344.4978 2345.5612
1853 2345.8687 2348.4612
1855 2348.9275 2349.7715
1857 2350.4701 2352.3212
1859 2352.5870 2354.3440
1861 2356.0740 2356.8247
1863 2357.3591 2357.8394
1865 2357.9420 2358.4595
1867 2358.6740 2361.5650
1869 2361.8681 2365.5276
1871 2366.1105 2367.2388
1873 2367.4656 2369.7177
1875 2370.0301 2373.1823
1877 2373.9834 2375.5175
1879 2375.9325 2376.4874
1883 2378.4346 2379.9268
1887 2383.2747 2387.8108
1889 2389.0214 2390.2390
1891 2390.5974 2392.5185
1893 2393.1014 2393.9781
1897 2397.5116 2398.8105
1899 2399.2724 2403.4270
1901 2403.9539 2405.6444
1903 2405.7715 2407.7719
1905 2408.6150 2409.9113
1907 2410.1025 2414.0370
1909 2414.7132 2415.2447
1913 2418.3167 2423.8544
1915 2424.4373 2425.1273
1917 2425.4444 2428.3205
1919 2428.6050 2430.0824
1921 2430.7761 2432.8697
1923 2433.4200 2434.3059
1925 2434.4505 2437.9747
1927 2438.3058 2439.7913
1929 2440.2819 2441.0729
1931 2441.3917 2443.1939
1933 2443.8202 2449.6097
1935 2450.1506 2450.9461
1937 2452.4074 2454.2530
1939 2455.4141 2457.5004
1941 2458.1914 2460.0145
1943 2460.1404 2461.0637
1945 2461.4880 2462.0238
1947 2463.0632 2464.7761
1951 2468.4946 2470.4672
1953 2470.8167 2471.8425
1955 2472.4002 2473.9914
1957 2474.2607 2475.9006
1959 2476.3171 2477.3849
1961 2480.2927 2482.5982
1963 2483.1045 2484.2247
1965 2484.4800 2487.0017
1967 2487.4027 2488.0359
1969 2488.8016 2489.9012
1971 2490.2276 2491.5238
1973 2492.1627 2492.7502
1975 2494.7021 2497.2836
1977 2497.6398 2498.8087
1979 2499.4396 2499.7987
1981 2500.1801 2501.8588
1983 2502.0465 2502.8193
1985 2504.6361 2505.9430
1987 2506.5105 2509.0352
1989 2509.4015 2511.0657
1991 2512.0865 2512.6304
1993 2512.8605 2514.2818
1995 2515.1398 2516.4386
1997 2516.8501 2518.7254
1999 2518.9624 2521.8037
2001 2522.0250 2524.5578
2003 2526.9333 2529.1481
2005 2529.7030 2530.9611
2007 2533.7253 2535.1229
2009 2535.5858 2537.9536
2011 2538.3313 2541.5245
2013 2541.9815 2544.4109
2015 2545.0161 2545.5384
2017 2545.9114 2549.3797
2019 2549.6175 2550.3263
2021 2557.5566 2559.2017
2023 2559.3416 2560.2136
2029 2563.3508 2564.0875
2031 2566.6232 2566.9823
2033 2567.8682 2569.7432
2035 2569.9003 2572.6048
2037 2572.8874 2573.8247
2039 2574.1324 2575.5173
2041 2575.7272 2576.9651
2043 2577.4478 2578.8656
2045 2579.1264 2579.9555
2047 2580.1047 2580.9673
2049 2581.6108 2582.1611
2051 2583.4704 2584.1583
2055 2587.8060 2589.1354
2057 2589.9780 2590.7660
2059 2591.4608 2593.4612
2061 2594.6624 2595.5064
2063 2595.8048 2596.2665
2065 2596.5742 2598.1409
2067 2598.9383 2600.8772
2069 2601.0357 2602.0942
2073 2605.8749 2607.1650
2075 2607.3381 2608.0049
2077 2608.9655 2610.1308
2079 2610.3261 2611.5046
2081 2612.3405 2612.9514
2083 2613.9585 2614.2648
2087 2619.9998 2622.6055
2096 2636.2828 2636.7165
2131 2702.0685 2702.4648
2136 2710.6510 2710.9979
2181 2771.4750 2771.8857
2219 2824.9452 2826.4793
2221 2826.8663 2828.1420
2223 2829.1083 2830.6495
2225 2831.7792 2832.5760
2227 2833.0289 2835.6803
2229 2837.6955 2841.0286
2231 2841.4156 2845.4621
2233 2846.0310 2846.4227
2235 2846.5999 2848.3662
2237 2848.7392 2850.8653
2239 2851.2414 2853.6316
2241 2854.0205 2857.0607
2243 2857.3955 2859.1115
2245 2859.4705 2862.0715
2247 2862.7709 2865.4419
2249 2865.8988 2866.4444
2251 2866.8874 2868.3096
2253 2868.7143 2870.6587
2255 2871.4226 2872.0031
2257 2872.8867 2879.0204
2259 2879.5295 2881.3668
2261 2882.0233 2882.4243
2263 2884.2195 2886.2330
2265 2886.7552 2890.5763
2267 2890.7186 2893.0538
2269 2893.9249 2898.2119
2271 2898.7361 2899.5895
2273 2900.2265 2901.6153
2275 2902.3341 2904.6735
2277 2905.4527 2908.3577
2279 2908.8100 2912.8751
2281 2913.3125 2917.9139
2283 2918.5154 2920.8214
2285 2921.2982 2922.1167
2287 2922.8598 2923.2836
2289 2927.1390 2930.6455
2291 2930.7929 2932.2851
2293 2932.6021 2933.3249
2295 2933.7306 2936.6356
2297 2937.3387 2937.8627
2299 2938.1128 2939.4552
2301 2939.8978 2940.9195
2303 2941.1754 2942.4297
2305 2942.7748 2944.2847
2307 2944.5225 2947.5860
2309 2947.8462 2948.6109
2311 2949.0959 2949.6414
2313 2950.0191 2952.2937
2315 2952.5269 2953.7677
2317 2954.5496 2957.9978
2319 2958.4656 2959.0127
2321 2959.3375 2960.2095
2323 2960.3680 2962.2603
2325 2962.6053 2964.9636
2327 2965.8405 2966.9318
2329 2967.4865 2967.8548
2331 2968.1160 2970.2880
2333 2970.6797 2972.5029
2335 2973.2984 2973.8354
2337 2974.6087 2976.8002
2341 2979.5738 2980.2921
2343 2980.9213 2983.0523
2345 2983.1997 2983.5668
2351 2993.8992 2996.4685
2353 2996.9199 2997.5454
2370 3017.2549 3017.6961
2380 3030.4893 3030.8622
2394 3043.8075 3044.2039
2427 3083.5199 3084.8884
2429 3085.4783 3087.3575
2431 3088.3022 3090.3259
2433 3090.6663 3092.9931
2435 3093.3746 3094.6842
2437 3095.0579 3097.2672
2439 3097.4537 3098.8666
2441 3098.9645 3100.9730
2443 3101.4060 3101.8283
2445 3101.9656 3102.8610
2447 3103.3458 3105.6306
2449 3105.9757 3106.6751
2451 3106.9502 3107.7469
2455 3109.5270 3114.0780
2457 3115.1542 3115.9982
2459 3116.1381 3116.7287
2461 3117.3262 3120.0820
2463 3120.4923 3123.3298
2465 3123.5680 3124.8132
2467 3125.9927 3126.8460
2469 3127.2097 3128.7379
2471 3128.8875 3129.4564
2473 3130.1791 3133.6754
2475 3134.2023 3134.9526
2477 3135.3858 3137.0504
2479 3137.3115 3138.4306
2481 3138.7850 3139.5701
2483 3139.8417 3143.8238
2485 3144.4020 3146.5816
2487 3146.9228 3148.4382
2489 3148.7320 3149.1950
2491 3149.3429 3150.8863
2493 3151.3339 3152.9846
2497 3157.3193 3159.2823
2499 3159.6638 3161.1000
2501 3161.4217 3162.7227
2503 3162.9278 3164.9087
2505 3165.4076 3166.0476
2507 3167.0751 3170.8147
2509 3171.2857 3173.1723
2511 3173.5658 3174.0788
2513 3174.2961 3177.9985
2515 3178.6186 3182.7387
2517 3183.1640 3183.7844
2519 3183.9894 3184.8978
2521 3185.2241 3186.6230
2523 3187.2152 3189.4245
2525 3189.7089 3191.2255
2527 3191.6898 3192.3298
2529 3192.5524 3194.1937
2531 3194.7393 3197.4569
2533 3197.8579 3200.6454
2535 3201.0417 3202.8920
2539 3205.2048 3206.4582
2541 3206.8919 3207.3162
2543 3207.4794 3208.3347
2545 3208.4484 3208.9706
2547 3209.4229 3212.7933
2549 3213.3109 3214.6351
2551 3215.5817 3217.5112
2553 3218.2060 3219.8464
2557 3221.3246 3223.6437
2559 3224.9887 3226.9276
2561 3228.0597 3231.5569
2563 3231.9066 3233.3755
2565 3233.6114 3234.2969
2567 3234.6839 3236.2797
2569 3237.5283 3238.3863
2571 3238.9318 3239.7039
2573 3240.1199 3243.5052
2575 3243.6582 3244.7120
2577 3244.9871 3246.6735
2579 3247.3410 3251.1823
2581 3251.4714 3252.6651
2583 3253.0008 3254.0173
2585 3254.5611 3255.3631
2587 3256.3563 3258.2867
2589 3259.0328 3259.8815
2591 3260.8644 3262.3659
2593 3263.7647 3264.4135
2595 3267.2610 3269.3864
2599 3271.0874 3273.0925
2601 3274.7562 3276.8545
2603 3279.2961 3284.0103
2605 3285.6554 3287.5289
2607 3288.6769 3293.1072
2609 3293.8696 3296.3587
2611 3298.0597 3302.1864
2613 3303.1554 3304.7314
2615 3306.0501 3307.3697
2617 3315.7136 3316.3217
2619 3318.4554 3319.1346
2624 3333.4756 3334.4535
2680 3411.7309 3412.2485
2744 3519.8867 3522.1194
2746 3522.3059 3524.7306
2750 3527.8165 3528.6046
2752 3529.0979 3531.1064
2754 3531.6345 3536.0536
2756 3536.3740 3537.4305
2758 3537.5630 3537.8475
2760 3538.0060 3539.8758
2762 3540.2255 3540.7843
2764 3541.5824 3542.0207
2766 3542.9897 3544.0296
2770 3545.8285 3547.7543
2774 3553.3480 3553.5718
2778 3556.1364 3556.9708
2780 3560.0001 3564.7501
2782 3565.1191 3568.8485
2784 3569.9947 3570.9785
2786 3571.1511 3573.6109
2788 3573.9535 3577.8603
2790 3578.3161 3580.1393
2792 3583.7242 3589.8215
2794 3590.3111 3591.0571
2798 3594.3669 3596.1359
2800 3598.3416 3600.0622
2802 3600.4353 3603.1304
2804 3603.4661 3606.2910
2806 3606.5474 3608.0454
2808 3608.6131 3610.3849
2810 3610.7515 3613.5912
2812 3614.1228 3614.7149
2814 3615.6010 3617.7543
2816 3618.2439 3621.2832
2818 3621.6423 3623.2920
2822 3625.8146 3627.9930
2824 3628.4343 3629.0917
2826 3629.8378 3631.0111
2828 3631.4960 3633.1795
2830 3633.7575 3636.1207
2832 3636.2186 3640.9552
2836 3645.2442 3646.2775
2840 3650.4135 3651.9383
2842 3652.4699 3653.6216
2844 3654.3061 3655.2714
2846 3655.7750 3657.1093
2848 3657.2111 3657.4583
2850 3657.7698 3658.8785
2852 3659.1220 3660.4034
2854 3663.3457 3663.9929
2856 3664.5385 3665.3452
2860 3670.5341 3672.2025
2862 3673.5174 3676.0718
2864 3676.1697 3677.0579
2866 3678.0153 3679.4041
2868 3680.6032 3681.2980
2870 3682.9804 3686.2762
2872 3686.9896 3687.5631
2874 3687.8373 3689.7123
2896 3717.6400 3718.4607
2900 3720.2792 3722.7303
2902 3723.0844 3724.1743
2904 3724.5299 3725.4952
2906 3725.6724 3726.0407
2908 3726.4082 3728.8236
2910 3729.3038 3729.8916
2914 3734.4023 3737.3213
2916 3738.7901 3741.4960
2918 3741.8388 3743.0796
2920 3743.4568 3747.1154
2922 3747.5956 3748.9572
2924 3749.0551 3753.3254
2926 3753.5679 3755.3669
2928 3755.6513 3756.5512
2930 3757.0082 3757.8630
2932 3758.1739 3759.3901
2934 3759.5159 3760.1128
2936 3760.8589 3761.5070
2938 3762.3445 3763.4356
2940 3763.7247 3765.7158
2942 3766.6117 3767.1893
2943 3767.5250 3768.1638
2949 3775.4541 3775.9112
2956 3785.9809 3786.8720
2960 3791.6865 3793.7512
2962 3795.6770 3797.7015
2964 3797.8723 3799.3458
2966 3799.8168 3801.0721
2968 3801.2613 3801.8209
2970 3803.2617 3804.8509
2972 3804.9628 3806.2370
2974 3808.0301 3810.9282
2976 3811.1300 3811.9693
2978 3813.1910 3814.5044
2980 3814.9900 3815.6847
2984 3819.2183 3820.7338
2986 3820.9995 3821.6794
2988 3822.5141 3827.2451
2990 3827.8513 3830.7396
2992 3831.6693 3833.4500
2994 3834.4381 3836.2153
2996 3836.9654 3837.4081
2998 3838.0286 3840.2192
3000 3840.8432 3841.3934
3002 3842.0462 3844.3310
3004 3844.7544 3847.6594
3006 3848.0697 3849.8272
3008 3850.1019 3851.8082
3012 3853.0983 3854.0576
3014 3854.2920 3857.1899
3016 3857.8078 3858.4275
3018 3858.9960 3862.3672
3020 3862.8793 3863.3828
3022 3864.9076 3866.4445
3024 3866.7430 3867.6149
3026 3867.8434 3868.6373
3028 3869.3262 3871.5612
3030 3872.5483 3875.0654
3032 3875.2938 3876.5724
3034 3876.8588 3878.0898
3036 3878.6633 3879.3860
3038 3879.9456 3880.3868
3040 3881.2745 3882.0206
3042 3882.1885 3882.9065
3044 3883.1070 3885.0226
